start_node: 460441703
end_node: 46276928
minimum distance Dijkstra:  2859.8696879177214
effort: [367.4 735.  365.2 473.4 355.6 555.8 567.4 204.  273.  354.8 495.4 645.6
 746.2 725.8 580.  567.6 553.4 630.6 336.4 300.8 691.4 453.8 295.4 655.
 657.6 511.2 726.8 491.2 308.4 703.6 597.2 658.8 447.  205.  491.6 521.6
 675.  549.2 603.8 243. ]
Gen 00000 | Best Effort(it): 204.0
minimum distance Dijkstra:  2859.8696879177214
effort: [340.2 596.2 495.  441.8 491.4 235.8 503.  731.2 552.8 415.6 548.8 361.
 648.  216.6 502.8 646.2 254.2 725.  593.8 550.6 648.4 577.6 438.6 651.
 481.  645.4 661.  525.8 492.  526.  526.  695.2 800.  377.6 663.4 745.4
 505.2 786.6 516.8 521.8]
Gen 00001 | Best Effort(it): 216.6
minimum distance Dijkstra:  2859.8696879177214
effort: [706.6 400.  353.8 498.8 658.2 526.6 464.  208.2 333.8 459.8 526.2 571.4
 400.6 585.4 638.4 779.4 492.  485.8 534.4 489.2 449.4 781.6 742.  231.6
 587.  524.6 342.8 518.8 347.4 373.4 400.6 800.  605.6 493.2 387.4 492.
 645.2 209.2 588.8 347.2]
Gen 00002 | Best Effort(it): 208.2
minimum distance Dijkstra:  2859.8696879177214
effort: [256.4 414.8 522.6 258.  580.4 670.4 572.8 503.2 653.4 684.2 282.2 209.6
 528.4 800.  653.  336.  776.6 494.8 189.6 535.2 314.4 645.8 525.  341.6
 645.6 740.6 734.2 800.  646.4 243.8 503.  800.  190.4 491.4 410.4 363.
 501.  438.6 419.4 335.6]
Gen 00003 | Best Effort(it): 189.6
minimum distance Dijkstra:  2859.8696879177214
effort: [610.4 366.4 614.  511.4 362.4 514.2 501.2 671.4 272.6 448.4 416.6 506.4
 553.2 553.8 432.2 514.4 754.4 491.8 346.  427.2 527.6 403.2 507.  612.8
 491.4 374.  524.2 354.  675.8 645.8 353.  366.6 572.4 576.2 704.6 491.8
 510.  414.  566.  661.6]
Gen 00004 | Best Effort(it): 272.6
minimum distance Dijkstra:  2859.8696879177214
effort: [723.6 426.4 185.8 415.2 512.6 510.2 303.2 386.8 454.6 558.  492.4 447.2
 603.6 538.8 800.  491.6 800.  516.8 344.  386.2 508.8 765.6 646.2 572.
 691.4 389.2 263.  242.8 326.4 625.2 800.  348.2 533.2 774.  449.8 321.
 688.4 655.6 275.  606.6]
Gen 00005 | Best Effort(it): 185.8
minimum distance Dijkstra:  2859.8696879177214
effort: [386.  640.8 343.2 565.2 547.6 340.6 440.  391.4 800.  438.4 450.2 609.
 226.6 520.2 407.4 222.2 203.  552.2 491.  549.6 800.  508.2 497.2 645.8
 561.4 458.2 579.2 440.8 646.  570.6 511.2 645.6 561.8 363.2 359.4 663.8
 436.6 350.2 275.8 672.4]
Gen 00006 | Best Effort(it): 203.0
minimum distance Dijkstra:  2859.8696879177214
effort: [343.6 509.6 201.8 435.6 501.4 676.  289.8 481.6 492.6 183.2 650.2 527.8
 451.6 377.6 605.4 399.4 164.2 588.6 414.2 394.8 542.6 396.4 662.  403.6
 261.2 199.2 645.8 395.4 524.2 227.8 646.2 544.2 645.8 458.  364.6 576.2
 383.4 633.4 515.6 433.8]
Gen 00007 | Best Effort(it): 164.2
minimum distance Dijkstra:  2859.8696879177214
effort: [585.4 577.4 637.2 359.2 400.4 345.2 521.2 379.  618.6 296.8 499.2 365.2
 533.4 387.2 592.2 492.6 661.2 425.  512.8 547.  349.4 660.2 654.6 382.4
 646.2 539.4 519.4 519.8 290.2 261.  358.6 387.  491.2 515.2 518.2 645.8
 573.  139.6 535.  493.8]
Gen 00008 | Best Effort(it): 139.6
minimum distance Dijkstra:  2859.8696879177214
effort: [195.6 605.  689.  285.2 298.  581.6 614.6 278.8 286.  409.6 345.8 523.6
 645.8 578.4 397.  549.6 356.6 423.8 608.6 348.2 513.2 297.  646.  562.6
 586.2 348.  608.  745.  502.  501.  513.4 546.  601.6 370.8 722.  632.
 345.2 713.4 516.2 689.4]
Gen 00009 | Best Effort(it): 195.6
minimum distance Dijkstra:  2859.8696879177214
effort: [657.4 509.6 399.  473.4 366.  559.  404.4 252.8 495.4 429.4 227.4 547.4
 512.4 646.  447.  363.6 271.  541.2 373.  533.2 492.4 570.2 800.  459.4
 643.8 645.4 358.  112.4 653.  460.2 316.8 524.8 364.4 704.6 347.2 517.8
 542.6 414.6 592.8 589.6]
Gen 00010 | Best Effort(it): 112.4
minimum distance Dijkstra:  2859.8696879177214
effort: [645.4 357.2 491.2 658.2 646.  343.6 355.8 573.2 800.  464.6 429.4 417.2
 497.  553.6 345.8 183.2 496.  659.6 534.6 385.6 660.6 491.2 565.6 359.4
 470.8 645.6 499.  491.4 173.2 503.8 235.6 360.8 516.  572.6  97.4 182.2
 596.  212.6 652.8 404.8]
Gen 00011 | Best Effort(it): 97.4
minimum distance Dijkstra:  2859.8696879177214
effort: [345.  800.  531.  322.8 800.  475.6 549.4 364.8 669.  449.6 329.2 490.8
 515.2 800.  194.  692.6 439.  496.  382.8 493.4 200.2 235.2 351.2 492.
 407.4 453.2 661.  380.2 567.6 403.6 576.8 645.4 398.8 504.8 312.4 492.8
 653.  431.2 307.8 501. ]
Gen 00012 | Best Effort(it): 194.0
minimum distance Dijkstra:  2859.8696879177214
effort: [554.4 797.2 373.4 217.8 645.4 324.6 509.4 262.8 449.8 554.8 401.2 354.
 505.4 515.4 537.2 439.4 562.4 466.2 526.6 413.  538.4 652.6 232.8 645.6
 563.2 539.2 228.  383.  536.6 350.  652.2 646.8 527.2 351.2 543.4 662.6
 600.2 517.6 180.6 349.2]
Gen 00013 | Best Effort(it): 180.6
minimum distance Dijkstra:  2859.8696879177214
effort: [397.8 375.4 370.6 647.  367.6 762.  343.2 255.6 314.4 663.4 524.8 311.
 660.6 373.  574.  424.6 444.4 345.2 787.6 312.8 463.4 510.2 458.2 756.8
 294.  537.4 390.2 516.2 225.2 377.4 592.4 617.  800.  492.6 525.2 505.2
 503.6 474.4 266.  560.4]
Gen 00014 | Best Effort(it): 225.2
minimum distance Dijkstra:  2859.8696879177214
effort: [277.4 641.  369.2 220.4 358.6 558.8 447.4 307.4 353.2 466.2 456.8 457.
 595.8 652.4 666.8 341.6 347.  784.8 515.  553.6 399.2 415.8 774.2 510.
 434.2 800.  539.  491.6 418.4 266.2 436.2 610.4 466.4 379.  521.6 646.6
 575.4 407.  507.8 579. ]
Gen 00015 | Best Effort(it): 220.4
minimum distance Dijkstra:  2859.8696879177214
effort: [466.2 449.  468.2 217.  395.6 412.6 655.2 548.8 574.  373.2 553.6 501.4
 539.6 342.8 537.8 501.4 497.4 402.2 300.6 437.  383.  718.  476.6 320.2
 257.  651.8 389.2 254.8 240.6 219.6 336.4 356.4 269.  381.4 418.6 423.4
 511.8 656.4 333.  655.6]
Gen 00016 | Best Effort(it): 217.0
minimum distance Dijkstra:  2859.8696879177214
effort: [258.6 303.  655.8 358.  211.  531.8 710.6 399.8 645.  419.6 352.8 467.4
 343.6 450.8 645.8 581.  505.6 243.4 494.8 498.8 223.8 591.2 582.8 214.
 601.6 293.8 367.2 511.4 337.  576.8 491.2 515.4 341.2 456.8 315.8 409.4
 139.4 492.2 386.  357.6]
Gen 00017 | Best Effort(it): 139.4
minimum distance Dijkstra:  2859.8696879177214
effort: [307.2 353.2 340.6 378.8 421.4 786.4 430.6 501.4 500.2 501.2 490.6 386.6
 355.4 256.2 445.  644.4 649.6 663.8 505.  435.2 358.8 371.6 366.2 647.2
 540.6 500.6 657.8 440.6 800.  429.4 652.2 674.2 220.8 585.8 348.2 337.2
 659.8 645.2 665.  511.8]
Gen 00018 | Best Effort(it): 220.8
minimum distance Dijkstra:  2859.8696879177214
effort: [435.4 395.6 574.4 764.2 237.6 531.2 365.6 491.  396.8 649.6 351.2 491.
 591.8 471.6 390.4 473.  569.6 388.2 504.  484.  404.2 645.4 496.8 377.4
 383.  554.  506.8 668.6 353.8 765.  494.2 164.  800.  416.6 749.  356.
 498.4 784.8 610.6 514.6]
Gen 00019 | Best Effort(it): 164.0
minimum distance Dijkstra:  2859.8696879177214
effort: [ 50.8 800.  533.2 512.4 608.4 490.6 512.4 338.  445.8 508.4 448.8 492.8
 398.6 708.2 231.8 361.8 448.4 282.8 352.8 718.2 538.6 539.8 393.  504.8
  66.6 355.8 595.8 685.4 666.2 388.2 272.4 568.2 227.2 490.2 479.6 511.4
 532.6 205.4 598.8 403.2]
Gen 00020 | Best Effort(it): 50.8
minimum distance Dijkstra:  2859.8696879177214
effort: [645.8 153.6 653.6 520.2 517.2 349.2 497.  800.  645.4 220.2 488.2 376.6
 694.4 733.2 490.4 215.6 646.2 645.2 606.4 646.6 513.4 435.6 346.2 500.
 473.8 379.2 299.4 405.2 444.  594.4 428.  498.4 463.  439.2 585.4 491.
 457.  308.2 480.8 645.4]
Gen 00021 | Best Effort(it): 153.6
minimum distance Dijkstra:  2859.8696879177214
effort: [501.8 296.8 580.  491.8 471.2 633.8 284.  667.2 184.2 513.4 397.2 507.6
 226.  523.4 545.8  77.2 484.6 349.  357.  122.2 373.4 366.6 258.2 722.8
 336.  344.6 185.4 508.4 469.2 210.8 267.  553.2 385.2 302.2 407.8 481.4
 287.2 469.8 314.4 416. ]
Gen 00022 | Best Effort(it): 77.2
minimum distance Dijkstra:  2859.8696879177214
effort: [369.  433.2 449.2 349.6 355.2 354.8 528.8 642.8 274.2 366.  400.4 498.
 259.6 562.8 358.6 390.4 593.  293.6 190.6 755.6 305.4 487.2 661.4 359.8
 288.4 150.8 181.8 259.8 118.4 436.2 377.6 344.6 401.2 643.  351.6 645.6
 394.6 351.4 504.8 549.8]
Gen 00023 | Best Effort(it): 118.4
minimum distance Dijkstra:  2859.8696879177214
effort: [502.2 381.6 491.  364.6 298.8 363.4 526.  338.4 441.8 419.8 273.6 346.6
 426.2 649.6 411.  502.4 314.6 416.4 440.2 403.2 347.4 513.2  63.2 800.
 178.6 531.  449.8 571.2 361.8 244.8 514.  397.  675.6 601.4 451.2 439.8
 379.2 280.  463.4 406.6]
Gen 00024 | Best Effort(it): 63.2
minimum distance Dijkstra:  2859.8696879177214
effort: [242.2 392.4 235.4 645.2 664.4 122.6 506.6 232.8 159.6 366.4 567.4 232.
 471.2 690.2 354.6 716.2 563.6 520.4 120.6 476.2 493.4 207.  359.4 283.2
 198.  273.8 607.  392.2 336.6 672.8 387.  415.4 800.  415.8 442.6 487.2
 144.4 407.6 390.  359. ]
Gen 00025 | Best Effort(it): 120.6
minimum distance Dijkstra:  2859.8696879177214
effort: [536.  263.6 496.6 463.8 190.8 288.2 275.8 430.4 276.6 351.6 350.8 491.4
 395.6 526.  597.4 288.4 308.  412.2 310.4 741.8 527.4 490.6 668.4 391.4
 245.2 648.8 500.2 245.2 687.2 491.2 489.  598.8 588.  364.6 569.2 382.6
 404.  350.4 454.2 475.2]
Gen 00026 | Best Effort(it): 190.8
minimum distance Dijkstra:  2859.8696879177214
effort: [512.  231.2 645.  420.4 694.  402.2 217.6 273.4 221.8 508.6 511.6 411.2
 349.  281.8 529.4 544.8 361.2 249.6 790.  513.4 634.  633.6 420.  667.4
 203.6 240.6 312.8 397.8 223.  431.2 229.   81.8 519.4  61.4 659.  595.
 398.8 120.8 223.2 588.6]
Gen 00027 | Best Effort(it): 61.4
minimum distance Dijkstra:  2859.8696879177214
effort: [261.6 229.8 292.  183.8 466.8 483.  619.4 407.6 530.  330.4 737.8 563.2
 340.8 354.4 486.2 659.8 317.2 648.2 540.  297.8 491.  645.6 520.4 462.4
 645.8 500.6 495.4 295.8 277.8 380.2 640.4 447.  350.2 432.2 194.4 141.8
 183.6 389.  387.8 645.4]
Gen 00028 | Best Effort(it): 141.8
minimum distance Dijkstra:  2859.8696879177214
effort: [512.8 573.4 154.4 491.  159.4 175.2 504.8 235.  290.8 411.6 339.2 437.6
 379.8 496.  540.8 353.  483.4 259.  411.4 199.  341.  260.2 505.6 357.2
 376.2 358.8 416.4 337.4 268.4 366.4 491.  675.8 470.8 397.2 575.8 686.8
 597.8 650.6 264.8 544.4]
Gen 00029 | Best Effort(it): 154.4
minimum distance Dijkstra:  2859.8696879177214
effort: [623.4 609.6 366.2 499.6 187.4 508.  536.4 279.8 639.2 359.  588.6 186.
 174.6 584.  505.6 275.6 273.6  78.4 210.2 337.2 393.  264.6 338.6 652.2
 361.  216.  317.2 338.8 523.2 283.4 520.4 654.  405.6 503.4 254.2 412.2
 269.2 395.2 379.8  65. ]
Gen 00030 | Best Effort(it): 65.0
minimum distance Dijkstra:  2859.8696879177214
effort: [361.  437.2 500.2 356.2 384.2 408.  507.6 457.  511.6 530.4 295.6 199.2
 402.2 433.8 256.6 216.2 556.4 429.2 347.2 321.  390.  334.8 118.8 240.6
 340.8 550.  585.2 691.8 453.  503.6 652.6  90.2 565.2 227.2 648.  194.2
 448.8 635.2 415.2 668.2]
Gen 00031 | Best Effort(it): 90.2
minimum distance Dijkstra:  2859.8696879177214
effort: [497.4 292.8 605.8 498.6 492.2 633.4 409.6 626.8 364.  493.2 218.4 359.2
 491.6 555.4 699.6 226.4 447.6 525.4 661.4 365.2 453.  489.8 339.6 225.4
 283.8 254.4 402.4 724.8 535.  524.4 553.4 368.4 544.6 674.4 292.2 578.6
 198.6 154.8 257.6 434.8]
Gen 00032 | Best Effort(it): 154.8
minimum distance Dijkstra:  2859.8696879177214
effort: [795.2 647.4 379.  534.6 119.4 229.2 550.4 352.  491.  638.6 189.4 178.4
 272.6 540.2 291.6 588.6 371.6  60.2 388.  315.2 197.8 343.8 503.6 506.8
 517.  408.  517.2 604.8 453.6 575.  420.8  86.2 205.8 720.8 492.6 414.8
 203.  652.8 675.8 707.4]
Gen 00033 | Best Effort(it): 60.2
minimum distance Dijkstra:  2859.8696879177214
effort: [537.2 343.2 209.8 499.  126.8 552.4 234.4 423.2 382.8 645.8 526.8 267.2
 479.8 579.6 466.2 254.4 381.  282.2 388.  197.  635.4 354.2 377.  387.
 590.  388.8 291.2 606.  505.   74.8 578.4 611.2 219.2 218.8 398.6 531.6
 413.6 328.8 424.6 526.2]
Gen 00034 | Best Effort(it): 74.8
minimum distance Dijkstra:  2859.8696879177214
effort: [378.4 649.  563.6 296.6 360.4 343.  265.2 207.6 424.   89.4 524.8 264.2
 514.8 192.  264.6 493.6 656.  303.6 411.2 262.2 282.4 541.6 510.  318.2
 521.2 587.6 499.2 637.4 529.2 517.2 549.6 282.8 547.  593.6 348.2 544.2
  90.4 312.  293.6 645.6]
Gen 00035 | Best Effort(it): 89.4
minimum distance Dijkstra:  2859.8696879177214
effort: [354.  205.8 254.4 570.4 229.6 262.2 428.2 356.8  89.6 536.8 321.8 656.2
 364.6 645.2 277.6  94.8 409.6 410.2 248.  310.8 520.4 557.2 442.6 655.6
 273.2 706.6 424.8 366.2 545.2 493.  651.2 499.  254.  364.8 178.6 518.6
 598.6 431.6 447.6 645.4]
Gen 00036 | Best Effort(it): 89.6
minimum distance Dijkstra:  2859.8696879177214
effort: [210.8 122.4 355.4 500.2 480.2 442.6 418.  241.2 234.6 392.6 450.8 431.6
 511.8 713.8 265.8 499.4 149.6 391.  337.  371.  749.4 516.8 786.8 367.2
 447.2 569.8 501.  609.  784.  510.2 248.2 634.4 353.2 350.2 172.8 606.4
  94.6 303.4 549.6 315. ]
Gen 00037 | Best Effort(it): 94.6
minimum distance Dijkstra:  2859.8696879177214
effort: [391.2 306.8 501.2 217.2 680.4 224.4 279.  518.  720.6 491.2 344.4 513.8
 414.2 203.2 587.4 186.6 527.8 612.6 467.8 418.  490.  549.2 556.2 425.6
 574.6 340.6 741.  396.6 201.8 405.2 339.6 274.8 480.  531.6 228.  359.6
 206.6  70.6 800.  353.2]
Gen 00038 | Best Effort(it): 70.6
minimum distance Dijkstra:  2859.8696879177214
effort: [377.4 280.2 338.2 218.4 279.6 645.2 508.  451.4 310.4 409.6 328.6 218.2
 419.8 376.  583.4 491.4 274.4 201.6 358.4 272.  492.8 257.4 304.6 116.4
 612.8 351.6 303.6 349.8 403.6 394.  600.   79.8 523.8 240.2 220.4 395.6
 379.  157.2 507.8 206.2]
Gen 00039 | Best Effort(it): 79.8